1,0.0,12.594111763485746,4.781012171652239,1.5132824411946746,3.177561829078562,2.600987913121704,0
2,0.0,16.5409813848793,6.195697370453407,2.0045155535505557,1.960070975148727,1.960070975148727,0
3,0.0,15.143850025860717,4.96998928520514,1.1532221892981633,3.2361118038267445,2.922185486242496,0
4,0.0,11.114409772725512,3.473891711200441,0.552269264953825,2.7694029075957,2.7694029075957,0
5,0.0,10.515185651131198,3.473247493109671,0.8337389872899247,1.1898139975919242,0.9352205336413738,0
6,0.0,15.981040891660234,5.347302918243802,1.3552251799121768,3.9395928917109475,3.3129950914094364,0
7,0.0,15.692797401121034,5.190359098255833,1.2584337034287496,3.2589026468053124,3.2589026468053124,0
8,0.0,12.562632272288697,4.3328177926173,1.1998543180953742,2.082158472176771,2.082158472176771,0
9,0.0,15.873475358437025,5.114336032614315,1.1624278463617583,0.9449569871097283,-2.1522214056969586,0
10,0.0,14.962419189757872,4.902081206674662,1.1830500599765905,0.635819989737237,5.368852690463551,0
11,0.0,16.27567921556464,5.302439543363804,1.2548264453690607,0.8244413252720011,7.219015412499921,0
12,0.0,14.4357610009573,4.857707948967788,1.322292107642554,5.621588710057512,4.679309213284203,0
13,0.0,13.357014879172779,4.495274587212673,1.1985802421085467,3.6401712842978142,3.101970812475733,0
14,0.0,12.727343142773682,4.467257167843179,1.2823318174527754,2.542512105638946,1.6583429614902347,0
15,0.0,16.353571915466137,5.356868535041101,1.3061606753213397,3.3040051151613383,4.3706650668200915,0
16,0.0,17.229047959399285,5.382885805968159,1.1295526150796116,1.7324782528472802,-2.6358675525876256,0
17,0.0,17.085435366785315,5.69209317363058,1.451761576821008,3.5717339559818426,2.14984143678927,0
18,0.0,16.731562479182802,5.839936058139426,1.664703648702357,3.036946710965889,3.036946710965889,0
19,0.0,16.4145488985091,5.476456655361503,1.4043061944893798,4.1865733412479615,2.53616565635664,0
20,0.0,12.792132334674434,4.692293615587967,1.5444391299027984,2.6112607116062514,2.410756892340607,0
21,0.0,16.707189489112196,5.49071089860654,1.3468314355741564,3.4462391079430437,2.371504678661136,0
22,0.0,10.034926390341878,3.2259203410121033,0.7599946217209248,2.964019842068331,2.823576385911016,0
23,0.0,20.22756077728886,6.515441263273715,1.559878746556716,0.08538774116253561,0.0,0
24,0.0,0.0,1.996761763039864,1.602030949156755,0.12132408772262859,0.0,0
25,0.0,0.0,1.7029510534613428,1.382094871295836,0.5322004538557373,0.0,0
26,0.0,20.335584261388238,6.39403113186709,1.413061773207217,0.0,0.0,0
27,0.0,0.0,1.9602928607092371,1.5705594190089514,0.3251179916698724,0.0,0
28,0.0,0.0,1.9473123941708126,1.5575418248507142,0.3302270378820553,0.0,0
29,0.0,0.0,2.022823835715358,1.6428601858820475,0.3961098680556251,0.0,0
30,0.0,0.0,1.0801541795526486,0.8067121330639803,0.7273167669769226,0.0,0
31,0.0,0.0,1.14871561869105,0.8402475971147793,1.1658493004658381,0.0,0
32,0.0,18.75443952038064,5.986327245140097,1.3920140429104029,0.14446709719747622,0.0,0
33,0.0,0.0,1.644115589466388,1.3102906797507798,0.7566631587563701,0.0,0
34,0.0,0.0,1.6908755495009213,1.365668706905604,0.12366844343231334,0.0,0
35,0.0,0.0,1.4546129382445425,1.1207268790516334,0.7224659247503521,0.0,0
36,0.0,18.343258656763684,5.9370325324412665,1.421513421547171,3.8181299528125776,3.8181299528125776,0
37,0.0,18.343258656763684,5.933359651375392,1.421513421547171,0.43164689228996955,0.0,0
38,0.0,1.1068087165095204,0.6863780774255921,0.1092967225717379,0.0,0.4755233792778538,0
39,0.0,1.9966274073581156,0.8804731524218322,0.10834172352705664,0.2018479051279664,-0.08626037309364006,0
40,0.0,1.341187112627301,0.8058314472123438,0.13888112106869435,-0.06215402587394125,0.40529969739636706,0
41,0.0,2.684135043036219,1.1646291697934918,0.15137487626130808,0.08332754076478997,-0.25293765808791796,0
42,0.0,2.809268412943466,1.1538877857949792,0.15393533961631584,1.3646843564183835,-0.09881003934336541,0
43,0.0,1.6223527273612706,0.7468575780706873,0.07954429884694483,2.0706425773343264,1.9117403787889808,0
44,0.0,1.7829251420740384,0.7480752721273981,0.08610585041017058,3.016298543847135,1.9141238790179902,0
45,0.0,1.9091371807723503,0.816342869029843,0.09541297891624136,2.3381657211409395,1.7917970943130321,0
46,0.0,2.7388488384156298,1.0880114939688625,0.137368647455362,4.325451480612458,4.325451480612458,0
47,0.0,3.0548084414971877,1.2151149384562634,0.221403285765275,1.3674205239197414,0.8035058676908879,0
48,0.0,2.480049984571815,1.0358545069676255,0.12251573979897903,2.7999897053393568,2.7999897053393568,0
49,0.0,2.6002925919947977,1.0172945819731094,0.12817037318312854,2.5845607551804335,2.533561717582516,0
50,0.0,2.768894005320349,1.0222760989876338,0.1270257773773045,4.06670486576261,2.4806681562798505,0
51,0.0,3.040082942444912,1.1773921914851357,0.14564456068412,3.59858183107819,3.244254753120977,0
52,0.0,2.9766784529061328,1.1078062996962514,0.13708166596597454,2.808395732131743,2.808395732131743,0
53,0.0,3.0430336507219837,0.9976606668377305,0.1274188484601787,3.9408718932387985,2.513741791808611,0
54,0.0,3.678730212921571,1.2763993668038265,0.16657518702769245,4.34476032571948,3.21012911469293,0
55,0.0,5.343370400512923,1.9201164299710909,0.3413450370612012,0.0,0.9887685236941424,0
56,0.0,6.713792827341112,2.5132722039271282,0.48457830635105825,3.660669759083522,1.3039849877928675,0
57,0.0,8.00591502434082,3.07567525773228,0.6357934736126698,3.745856162960185,2.178403656732068,0
58,0.0,6.212620364309464,2.2294280490805973,0.35594005437784965,1.538701415427635,0.0,0
59,0.0,8.472271764797211,3.0957690897503904,0.667514084414668,2.617793133309165,2.218390369128868,0
60,0.0,10.75787969252591,4.111529599215167,0.999276126370249,1.9008253800231363,1.9008253800231363,0
61,0.0,9.781138192011866,3.1883912784410304,0.5527843394200187,1.5585755853847763,1.5585755853847763,0
62,0.0,7.878101958348694,2.6365549427300636,0.5226665246774148,0.17693381714088238,1.2666473211763112,0
63,0.0,11.597356627340847,3.7066054730746574,0.6327164330681432,0.4255123183634432,-0.728930135655728,0
64,0.0,12.440836898660065,4.1981662357490865,0.850117580552732,3.8529810854945246,3.8529810854945246,0
65,0.0,13.388407610271868,4.637021850472503,1.022246286303611,2.5188216744229206,2.261961472924862,0
66,0.0,18.28275538548361,6.8865151969801115,1.851248262162872,6.606611414874736,6.406907973509502,0
67,0.0,15.95978616559895,5.4286899758698075,1.1964451879575757,4.345818415860632,4.345818415860632,0
68,0.0,10.843863427918498,3.53471171058023,0.5318959654127936,4.484835048753078,4.484835048753078,0
69,0.0,15.340018140247595,5.0840096101495185,1.0988339335838375,4.831688906462421,2.6239145442540726,0
70,0.0,19.738108203043126,6.876898132991332,1.7919082261205763,6.058177625339331,5.912276615835491,0
71,0.0,14.249037386302488,4.603703545908978,0.8219071217427165,6.024228020788448,5.9895664952046745,0
72,0.0,14.456272014352267,4.767898718664373,0.9981089548718681,0.6358087616528213,0.4477361878479328,0
73,0.0,18.46054912836337,6.645758987072233,1.8371695700649413,3.1402610536068387,3.043836747444708,0
74,0.0,7.379277381116385,3.06987909021639,1.172157356245022,0.35260786928111526,0.35260786928111526,0
75,0.0,6.26445627092668,2.4749626267933946,0.8977284184087262,0.4328861647044524,0.4153286013529432,0
76,0.0,18.00340566136384,5.68836570875835,1.1552743169413913,2.3202099851266866,2.2434994635671286,0
77,0.0,19.594959281677028,6.427442572047754,1.4844926990676528,3.150136806901626,3.0579652405289632,0
78,0.0,16.444059378004074,5.643342265378323,1.4414081531340592,1.5821559804323067,1.4881446423497389,0
79,0.0,17.34744617270211,5.828204800491106,1.3937052709495326,1.4602451866552353,1.2408154018949555,0
80,0.0,22.10866442775557,7.433999338505983,1.8511869326289185,3.7680016485789145,3.6584519364846377,0
81,0.0,9.440635055284242,4.048821073650905,1.64250320927857,0.9592170417534035,0.9215971635568608,0
82,0.0,7.526602989601745,3.219616841053958,1.3501129796366143,0.32976501579213513,0.32976501579213513,0
83,0.0,21.191930139445475,6.5997548533441845,1.34854061817547,2.6403651120816294,2.5455367544721597,0
84,0.0,22.881347010694594,7.543943195022546,1.8502121859207532,4.696441495401589,4.577079732982312,0
85,0.0,22.71203348751963,8.107009851511686,2.394560379636878,5.4748253300888345,5.3372117714072695,0
86,0.0,7.393168797897439,3.5350246388609747,1.687870067716381,0.3208040537001925,0.3208040537001925,0
87,0.0,24.49387192519588,8.509403825561563,2.381520830938053,5.767626076564776,5.628686522000517,0
88,0.0,15.953137392915394,6.637848839326455,2.544364874584325,1.8926762872986393,1.8926762872986393,0
89,0.0,25.003418199682077,9.161161008433252,2.765413976093293,5.30404023117708,4.959903072332833,0
90,0.0,24.42128166987446,8.400528022710507,2.3995708790674617,3.8184405065201865,3.8184405065201865,0
91,0.0,24.10149509498409,8.382719931834734,2.3867033791338836,4.324241026185032,4.324241026185032,0
92,0.0,9.750984897774872,4.91015889713049,2.4065730530627425,0.639489748183669,0.639489748183669,0
93,0.0,8.267863575607802,4.125634705174821,2.013461431504219,0.5081779636317767,0.5081779636317767,0
94,0.0,18.13954729590796,7.005343159454327,2.336208609588574,4.376917790141608,1.063033772027355,0
95,0.0,6.631742759788903,4.167674297055709,2.39856729379658,0.3327117411595456,0.3327117411595456,0
96,0.0,4.394426456139082,3.4290791107058567,2.245375422922637,0.08702853136857301,0.08702853136857301,0
97,0.0,9.316710711575201,4.698096320416628,2.278008083816227,0.6945720940436043,0.6945720940436043,0
98,0.0,25.899814688116376,9.485793021679326,2.8556276173252693,5.705143429881445,5.705143429881445,0
99,0.0,22.787639755222468,8.848102960741745,2.9859596108774906,4.144019615486272,4.144019615486272,0
100,0.0,26.674497460936102,9.427994995689398,2.6083849289759984,5.777953571357694,7.832589938696354,0
101,0.0,26.12976784944063,9.144106800337923,2.4847572911490534,5.676448135600108,7.1995315590295625,0
102,0.0,27.478277347062022,9.698614039197814,2.86374582756744,10.178098825059642,8.341355196335561,0
103,0.0,28.430537193191224,10.39333510593083,3.177749567390003,9.187249868615336,8.351548635494796,0
104,0.0,25.48276118942779,9.478880224696974,2.9528070351688216,6.531436966502615,6.223837698786624,0
105,0.0,10.554184844299458,4.838436536596741,2.1945710814274424,0.7220450329813374,0.7220450329813374,0
106,0.0,21.70175152623031,7.546558897061911,2.1139945281579786,4.484362184212271,4.357893189419143,0
107,0.0,20.73449914152668,7.585951179285159,2.2860032369828205,3.4414925688297004,3.2797595255842875,0
108,0.0,23.611315836491567,9.05496971801227,2.965941251769048,5.272842208842803,5.138344444774621,0
109,0.0,16.099104386901217,6.365291395230826,2.2511844612948586,2.732930110682149,2.6273657180450756,0
110,0.0,24.595508572508855,8.843641228680909,2.5971288847856395,4.942023272878061,4.806829421184012,0
111,0.0,23.44362803662741,8.885056810556502,2.887222808538635,5.894469698041539,5.74343009746711,0
112,0.0,18.578528447626347,7.740641870547395,2.880313828242407,3.336154319687917,3.209286220410984,0
113,0.0,6.64897882076797,3.8978499762808236,2.1838220973211704,0.2345468165382855,0.2345468165382855,0
114,0.0,27.418481787742163,9.26849051302015,2.311924777417802,7.998792027617976,6.697699318740092,0
115,0.0,28.302367366668925,9.73120761478951,2.5149125507021606,6.80953388248851,6.80953388248851,0
116,0.0,29.02135305309733,10.27604535911919,2.815654256090618,9.790059392159517,8.278341386684453,0
117,0.0,27.870869173373304,10.49998804058596,3.355175886039634,7.755054287911316,7.546112073329108,0
118,0.0,11.685343843728493,5.825536548185556,2.728966240219275,1.096249804528774,1.096249804528774,0
119,0.0,27.219616185625096,10.369561315336451,3.260209159685459,4.095591522890871,3.9756864682512973,0
120,0.0,23.748113441416386,9.937695983323774,3.5881345864074246,5.162420887963237,4.972125236655035,0
121,0.0,24.339285882951064,9.544821353070658,3.185174157900737,4.294545140371518,4.1694885376692765,0
122,0.0,23.910330580472127,9.883521521408563,3.5308955067394834,4.443082569315008,4.311914822965364,0
123,0.0,13.093570166846696,6.717938844209962,3.2028057200601787,1.2482253346045558,1.2482253346045558,0
124,0.0,18.054347447779328,7.290547536469785,2.5825700971010037,1.348097926005233,1.2669178687276967,0
125,0.0,24.450849771027404,10.047022751812888,3.542249166638542,3.9766340292318234,3.856738728501434,0
126,0.0,23.4202508974919,10.14678057196285,3.7826142321224077,4.099289226358828,3.9154820242853043,0
127,0.0,22.69790927744522,9.859647525292676,3.7533066518428613,5.744117711859129,5.582155698631875,0
128,0.0,19.423832717855912,9.321767613191852,3.916169534411716,4.014994353754292,3.887367820190597,0
129,0.0,11.381905706776736,5.597922389946705,2.6154989257126435,1.0647970895076093,1.0647970895076093,0
130,0.0,25.312757177409495,9.484908373248315,2.9417604572049787,5.111040754953234,4.967609190484483,0
131,0.0,24.28793290818873,9.942072316989952,3.5259958245017264,7.1146084835971575,6.86959460882641,0
132,0.0,25.468949884374577,9.99082180502449,3.316463006184265,6.347420118338892,5.938131999177244,0
133,0.0,21.462550862206243,8.626424603603871,2.9725244501500097,4.1676558804782164,3.36131598171755,0
134,0.0,11.200327257417921,6.088709456163438,3.009890318346458,1.6977820327045214,1.5015852386168924,0
135,0.0,15.347026615796615,7.578022257269416,3.355247455920273,2.965117644632752,1.7729020379154516,0
136,0.0,23.12872199755481,10.315058079610552,3.9366753081597214,6.479395962147111,4.129753789730311,0
137,0.0,16.371736958828215,8.308785579742597,3.740990434536103,2.2039999970871285,2.2039999970871285,0
138,0.0,26.52919537168472,10.332493689093038,3.3674191309544286,7.414908855692269,6.245764158374065,0
139,0.0,13.609379649490238,6.945535754871209,3.249397801590463,1.4885649020403096,1.4885649020403096,0
140,0.0,10.331661528336788,5.382909163797231,2.6159876211021644,0.927628256029119,0.927628256029119,0
141,0.0,24.14773980661842,9.188995618328764,2.91369844876039,5.236731796182696,4.715000917679138,0
142,0.0,20.64670926843638,7.840111093621002,2.5186758188110363,3.8123541010807367,3.5510274015285233,0
143,0.0,11.929122540148741,5.764561040794152,2.614623189599171,1.1707436863962752,1.1707436863962752,0
144,0.0,9.148392069401075,5.119561682920744,2.6266742576842756,1.4309970134990164,1.2674501603671742,0
145,0.0,27.45240297734405,10.390837605911702,3.1909317233279166,9.554401384903462,4.418570371959121,0
146,0.0,26.977004993213267,10.194366156367796,3.1519273562484638,9.807438007593877,5.9878381425854625,0
147,0.0,21.73531752379462,8.449967424893233,2.804082644219487,6.168628081424054,4.750477340671609,0
148,0.0,27.86729801063916,10.556742530712526,3.287796861433614,9.901701857160205,7.127057117262306,0
149,0.0,24.530159311900118,10.082625393142534,3.5831218481036418,5.117465870926481,5.117465870926481,0
150,0.0,22.522709876897483,9.808444224036917,3.735844171242246,4.449520604303139,4.449520604303139,0
151,0.0,22.803862787347555,9.601081378490713,3.46263275266723,7.325615740024231,4.766435647914133,0
152,0.0,26.830064695133558,10.87918689335957,3.6864947457457045,7.090728300777408,5.859291831705225,0
153,0.0,18.254432284026493,8.8092383123046,3.729427368944905,2.637536840845214,2.637536840845214,0
154,0.0,26.687963878290773,11.316054807698997,4.0341590747044975,9.164478791646312,8.394905125439804,0
155,0.0,16.296433286236283,8.065793182330848,3.5311057787746907,3.773756675264445,3.578378627168194,0
156,0.0,25.014258577441762,10.52630772850163,3.7805264304692185,7.4132056605614025,7.118761567183609,0
157,0.0,12.556978079710492,6.633555671298747,3.150066924064474,1.32207704203755,1.32207704203755,0
158,0.0,27.76186660234574,10.798839605572777,3.476951143199274,7.651384167768338,7.239252578474678,0
159,0.0,20.22806322924076,8.372959208970222,3.0019074383587396,4.828007288170436,4.3398051299432385,0
160,0.0,6.478238091206913,4.250891206178347,2.4380720092574815,0.6718328084606434,0.6213575763000162,0
161,0.0,24.904890722853445,10.45771844084008,3.6987730191583936,5.744641623505386,4.081801133622978,0
162,0.0,11.872883234847105,6.276074723729544,2.9916144449556947,1.2129637630785766,1.2129637630785766,0
163,0.0,24.504778902941915,10.115676640570038,3.5438263626618207,9.50741317248753,6.076653782823669,0
164,0.0,23.825454290956777,10.134717279087452,3.6989203557394235,8.898933887988726,6.988604557049915,0
165,0.0,26.37303200546505,10.958454805239528,3.8360362593241626,9.097553312094998,8.005771360802623,0
166,0.0,22.101013273612374,9.916172754848917,3.828442681487505,6.704412436479144,6.155310668164955,0
167,0.0,24.177828305766283,10.24164293324934,3.711291685902614,6.980605177926582,6.711962142379947,0
168,0.0,23.408624867260965,9.88301531799436,3.559566440652293,5.784025981693809,5.639222495384282,0
169,0.0,12.174731563711862,6.75770983173974,3.3012897940833557,1.2710657988273997,1.2710657988273997,0
170,0.0,17.723457079261745,8.697887428186238,3.6929398145043466,2.234867838035195,2.150389882883477,0
171,0.0,6.808700058497121,6.15500150677657,3.8418874408747112,0.633181292649971,0.633181292649971,0
172,0.0,24.83646064676292,11.24357628196408,4.280606017983385,5.532483438994247,5.532483438994247,0
173,0.0,17.924229314925007,8.455687043968783,3.4854917165241104,2.5937157856652706,2.5937157856652706,0
174,0.0,15.282986711723494,7.889387890446828,3.5554408839578144,1.9352697979987594,1.9352697979987594,0
175,0.0,27.213209512109124,11.402219873023316,3.952274967526214,10.650878127913886,5.950013188808331,0
176,0.0,24.361281530897923,10.971867390381725,4.147152533155778,9.714240699000998,6.962425292667574,0
177,0.0,25.94020424625297,11.69758460914584,4.333090791225743,11.043869049791212,9.302899299407223,0
178,0.0,26.41443081759684,11.875517911323598,4.349165073457282,9.37015137727942,8.677273004954058,0
179,0.0,14.689548341576868,8.448639537749667,4.050112658154293,1.858193764326741,1.858193764326741,0
180,0.0,25.96592159755477,11.271641583218909,4.097419850311663,11.77380585901929,10.47308397083272,0
181,0.0,27.02986357009847,11.538835088087652,4.071592568511048,7.77179932904824,7.356738108487827,0
182,0.0,25.660613638850016,11.202509728418152,4.066255033839643,6.654759189720234,6.4487230898102395,0
183,0.0,22.90825875562197,10.627848861790248,4.121183776723462,5.766209196885841,5.578049558180223,0
184,0.0,24.406578684292455,11.514030915604428,4.373489688410087,8.859286714976545,8.620515072152601,0
185,0.0,23.231760316464957,11.243819299066358,4.3724560380609585,8.782392240732213,8.533123572209782,0
186,0.0,24.745388355097578,11.69136355485667,4.29188833413421,12.721583834464695,12.358387368510027,0
187,0.0,25.037856173136817,11.751562434475467,4.318938702986328,10.004310327663651,9.681901723388236,0
188,0.0,26.923641191423755,12.079312434117496,4.3248765878888875,7.043429997199313,6.796668634250883,0
189,0.0,23.71625101021718,11.307900571896548,4.3212622756094685,6.681326808894421,6.428558134441584,0
190,0.0,23.226762414553967,11.0877228246061,4.283417752888376,5.565701760281915,5.3306125799301185,0
191,0.0,4.4681914049856815,5.236493832595963,3.388068150180095,0.35643965165728314,0.35643965165728314,0
192,0.0,6.232921737139299,5.488872952451891,3.378420024214929,1.123146773430698,1.069016955475467,0
193,0.0,7.23553376953975,5.913721732679568,3.4986754218724934,0.9347207408960513,0.8862719394681056,0
194,0.0,11.348082870000571,7.312216595960883,3.7527493131887253,1.0148410020225345,0.9564738823664988,0
195,0.0,20.73339270692363,10.15287597708086,4.082412038043491,3.820127492249111,3.6395463444870604,0
196,0.0,19.268452018059378,9.897358646973307,4.16527792262131,5.153586083987416,4.974882947966493,0
197,0.0,21.165235484559478,10.653129760685841,4.278558470675335,7.506823546924056,7.247927264292766,0
198,0.0,9.081283968515432,6.540725855405362,3.607731326665098,1.0076765540362904,1.0076765540362904,0
199,0.0,21.288760047301867,9.397846717709855,3.4465894182608867,4.1121727474083345,3.6113711449194947,0
200,0.0,24.729896902195904,10.896323542082985,3.9607000469874496,8.39687440558905,7.822102459552434,0
201,0.0,25.230046957531062,11.114062667901555,3.9884745582336047,6.508351721166132,6.2122104171807555,0
202,0.0,23.849992144637376,10.94114064157712,4.110911018514071,7.934764008053125,7.678110766995747,0
203,0.0,24.126639571601846,10.94170192065207,4.060032967181515,7.678904472209689,7.468463413459316,0
204,0.0,22.336558242346346,10.3628005931548,3.925923027454066,4.211493249420133,4.047079357231928,0
205,0.0,21.863134229360778,10.353700217637442,4.018338930992175,5.632461193338586,5.467128555504276,0
206,0.0,22.132898969068506,10.40274765549198,3.9810292368003353,4.3764303796227,4.1918635743659065,0
207,0.0,16.495997166494227,8.950124964599262,3.9504258787959365,3.1492484544148054,3.0363580736257862,0
208,0.0,18.807396998431845,9.677009501631888,4.044015112091675,4.471992262927165,4.351789448207038,0
209,0.0,21.104256571403276,10.098621989783355,3.9328947571498447,3.3910828273111377,3.266589321410804,0
210,0.0,22.60826805748441,10.569097916710493,4.0064339700863965,5.390578742892549,5.194244129832487,0
211,0.0,7.100335418892806,5.936610651975232,3.4818453572771393,0.7330036142328915,0.7330036142328915,0
212,0.0,17.677878158355398,9.118163016485388,3.8495022520315914,5.086696376368129,3.0972345101770324,0
213,0.0,23.19849846648913,10.86392309936662,4.08818660604607,8.580780081964043,6.225086747128774,0
214,0.0,19.818033223083063,10.21775036589601,4.188322609796171,9.421660609684537,7.64418756535027,0
215,0.0,22.432121507547382,10.698791386893918,4.087315461254123,5.811251835803399,4.796652420685274,0
216,0.0,21.651793893363013,10.67544701322543,4.188246953733984,11.023097645689719,10.009408050402568,0
217,0.0,14.549527226277927,8.52879751505031,3.974689399800287,2.0439986272264097,2.0439986272264097,0
218,0.0,17.221221713768696,9.126475318033135,3.920714381536792,5.011318377467302,4.657631630860923,0
219,0.0,21.64832263516525,10.501906121248034,4.075330210028382,5.633269296459216,5.309908763795525,0
220,0.0,17.65485636422692,9.370192798566553,3.9976763431136986,5.132958415053837,4.971076762189863,0
221,0.0,23.167077661343424,11.051318532880297,4.142621815675908,9.51369071221215,9.271748393149792,0
222,0.0,21.922116716658778,10.803281010854368,4.12751031174672,9.18265322947668,8.927545065074263,0
223,0.0,16.83918671202093,9.357099112210715,4.060155432335218,5.560269237466861,5.382954098041876,0
224,0.0,15.488407362519393,8.737588608123747,3.890872168334285,3.466659957226743,3.315627694076154,0
225,0.0,17.051046793432427,9.385224449840022,4.03896823458898,5.3590188330142645,5.17710507120258,0
226,0.0,10.027086423676938,6.422238731175546,3.2138914604205344,1.19889364264856,1.19889364264856,0
227,0.0,10.82485153795151,6.390115621745181,3.0445918414754356,1.290686134349597,1.290686134349597,0
228,0.0,14.415853490763249,7.128074928978566,2.9142502812063324,3.095160763420983,2.971754697538162,0
229,0.0,15.749076986650016,7.478878382779697,2.924098367970834,3.3608946611441537,3.214302022227194,0
230,0.0,18.475852307871655,8.762832455742874,3.3507096376879093,3.270659950394863,3.1030287101480387,0
231,0.0,20.914475359736652,9.884220117613188,3.70420311436606,3.873668729487372,3.66638768127447,0
232,0.0,20.4419731918517,9.996996283207407,3.8707454423004855,5.1603115388753675,4.96494875327744,0
233,0.0,20.173674623678156,9.985185462599185,3.8834718987680423,3.8823221651497852,3.6782073404593207,0
234,0.0,18.483950545079942,9.36670157198802,3.74767313204343,2.8687222390512988,2.7091519916499642,0
235,0.0,19.776228127583877,9.825391366900233,3.8283425175998014,3.0646709230906475,2.890960265739772,0
236,0.0,21.21423486824337,10.021100248202867,3.7629576635600097,10.155606748300434,6.813848918740309,0
237,0.0,18.252272189686963,8.92973601013104,3.497869566029958,3.3442244266682346,3.3442244266682346,0
238,0.0,14.163919745890018,7.551792665447152,3.232631601640819,2.068177795519378,2.068177795519378,0
239,0.0,19.51531682351829,9.423429755363456,3.6399584574075754,4.968952693674209,4.968952693674209,0
240,0.0,19.369635710669698,9.678031500553594,3.8314474223374297,4.949514455111922,4.949514455111922,0
241,0.0,18.756050826313732,9.59895896495921,3.880894364845276,4.638656785604778,4.638656785604778,0
242,0.0,17.685452210283106,9.277349904454242,3.859235292428519,4.016409791031866,4.016409791031866,0
243,0.0,17.944761908620357,9.210311279529268,3.747788833849367,4.273271310842627,4.273271310842627,0
244,0.0,18.798040793366003,9.576905404379774,3.8260701799159786,4.78770823554278,4.78770823554278,0
245,0.0,19.990047011371953,9.975084660136865,3.8998419919089744,5.1722069425926325,5.1722069425926325,0
246,0.0,19.030375187056197,9.665130464334874,3.830660059643724,8.321139976378255,6.7687346357185465,0
247,0.0,16.70967327723052,8.660653212246089,3.547101722420203,2.7024926451009663,2.7024926451009663,0
248,0.0,17.92059790229527,8.593474513765056,3.273977351663524,3.107865372234065,3.107865372234065,0
249,0.0,17.73586377597984,8.743355611544809,3.424870566118925,2.9896362103942087,2.9896362103942087,0
250,0.0,20.31849367830204,9.813823930512147,3.699478152802346,4.043897897089903,4.043897897089903,0
251,0.0,11.634704212676292,7.2241831545059725,3.4062928288608028,1.4895392300082078,1.4895392300082078,0
252,0.0,6.034521424865773,5.283352457506035,3.0052134178284584,0.5936278969492682,0.5936278969492682,0
253,0.0,21.000260079439315,9.652709160954831,3.454206893675826,4.358906537303548,4.358906537303548,0
254,0.0,18.20692038913789,9.114749608651909,3.601560111326489,4.212539115229117,4.212539115229117,0
255,0.0,14.463779183705313,7.650616956088834,3.1984310510672795,2.033081938689005,2.033081938689005,0
256,0.0,8.436326564998758,5.395704140398893,2.6449864782023758,0.797165521607291,0.797165521607291,0
257,0.0,13.08694928760273,6.618641304006812,2.670851543308431,1.724675113600527,1.724675113600527,0
258,0.0,7.637296613378855,4.579323866752182,2.1733310933197307,0.6304278882994389,0.6304278882994389,0
259,0.0,7.009776933646057,4.143356111317021,1.9562688524913454,0.5293679415933492,0.5293679415933492,0
260,0.0,17.52836421694274,7.938258133306399,2.79798565326528,5.7360562337085845,1.9096897334341552,0
261,0.0,12.192854245022462,6.8797558187163546,3.011836643690631,1.563804041105981,1.563804041105981,0
262,0.0,20.37576540662497,9.158697717972231,3.2111268223642617,3.9800430426532913,3.9800430426532913,0
263,0.0,17.250677460210014,7.961567633345322,3.0055057282308875,2.7741243731793213,2.7741243731793213,0
264,0.0,10.940008575414675,5.63365120347669,2.32732690061602,1.28342738508021,1.28342738508021,0
265,0.0,17.690176752490384,7.77100134812995,2.660246330818469,3.3759358667885717,3.3759358667885717,0
266,0.0,4.960035679694038,3.8712424285040123,2.1225723858298857,0.2942417346798679,0.2942417346798679,0
267,0.0,16.265434833926797,6.865065218524158,2.2328197369496374,3.046738848868033,3.046738848868033,0
268,0.0,12.645665993095328,6.0671077929525135,2.3500558783832197,1.605195456313136,1.605195456313136,0
269,0.0,7.788556009977865,4.489772454454149,2.041290245767709,0.6832897012011285,0.6832897012011285,0
270,0.0,13.30189205840576,6.4945205472553935,2.5435200361798063,1.74756520643251,1.74756520643251,0
271,0.0,17.316275750445918,7.565274767974427,2.6996765435312415,2.7803785140738944,2.7803785140738944,0
272,0.0,17.134367317500963,7.459300600335763,2.6847007749362324,2.613361990526452,2.613361990526452,0
273,0.0,17.979537946657533,7.700716268055293,2.6860217541640883,3.097184428695292,3.097184428695292,0
274,0.0,19.109345159192227,7.957232038944932,2.7295196917288553,3.1102687259942807,3.1102687259942807,0
275,0.0,16.241362335212994,6.809214397822282,2.2311510517806927,2.787751891801467,2.787751891801467,0
276,0.0,15.793835314179727,6.726491580126241,2.207102796196902,2.7446267517735223,2.7446267517735223,0
277,0.0,11.197836448944345,5.299615385395315,1.9983105680137772,1.323650417085729,1.323650417085729,0
278,0.0,16.167060713897126,6.871177286123221,2.237459186888742,4.215651742898774,2.8169396293122513,0
279,0.0,17.83366694714962,7.434237638768524,2.4070247648953935,3.3224429773078676,3.3224429773078676,0
280,0.0,14.414873305498936,6.519055642964248,2.3006073261786812,2.1848148172792303,2.1848148172792303,0
281,0.0,16.543253901911598,7.219280271690881,2.498716571860011,3.002225887115936,3.002225887115936,0
282,0.0,16.934765941717007,6.725796855580483,2.071430119669041,3.095454961746992,3.095454961746992,0
283,0.0,16.742202518713817,7.03648376831416,2.2415990791501264,3.141818439952647,3.141818439952647,0
284,0.0,16.48988042452469,7.181416292651429,2.466939551418504,3.043056206204008,3.043056206204008,0
285,0.0,15.69215540633893,6.3933588900272715,2.054698686355895,2.5855905108795096,2.5855905108795096,0
286,0.0,17.035046503070564,6.874731370909107,2.3061417692282675,1.906957559896704,1.906957559896704,0
287,0.0,16.99620688477285,6.767630958177609,2.025148321685844,3.3526901394174993,3.3526901394174993,0
288,0.0,17.788158060664138,7.446856122023933,2.543948707757429,2.465238046803032,2.465238046803032,0
289,0.0,15.572984178037393,6.529416847200939,2.253657325009519,1.7105803533172903,1.7105803533172903,0
290,0.0,10.01132177669102,4.974317005991354,1.9990212787891308,0.9520630123311613,0.9520630123311613,0
291,0.0,16.414005375592676,6.596351771946307,1.9431696538526249,4.188367688718934,2.983945011412229,0
292,0.0,15.88156454793489,6.549054269421803,2.0208825066174327,4.642807425449995,3.8434538494167745,0
293,0.0,16.500948497123872,7.106995377560069,2.340362497352955,5.03692635471086,4.58341080179059,0
294,0.0,15.159037365380497,6.786994549219689,2.3876961678330195,2.5642343600780393,2.5642343600780393,0
295,0.0,16.815596727185135,7.0200093392385705,2.1856859243799396,4.761184994645858,4.417278835975367,0
296,0.0,16.516846610182405,6.921684033312123,2.1545310504943394,3.61210431691695,3.3693410001291686,0
297,0.0,15.673436274115195,6.958682313797631,2.33983783877455,3.890044328032002,3.719959231450558,0
298,0.0,16.7138974979708,7.344373687744478,2.4127809886135343,3.3422723551336975,3.2067081326631324,0
299,0.0,17.330447888798098,6.88660272071175,2.215278708079487,2.860601299473367,2.860601299473367,0
300,0.0,15.63432613869951,5.6868796455945825,1.413627459450952,3.5516853681853298,3.707553163276254,0
301,0.0,14.632061589387675,5.604690675165858,1.6866467768248812,1.461729865710611,1.461729865710611,0
302,0.0,13.595174256882661,5.380702116553058,1.5629132285817284,2.8084681307546564,2.6703932972377,0
303,0.0,13.13684305980576,5.497007910008365,1.7727481077916984,4.3274144615068435,4.148281848653113,0
304,0.0,9.815039626184737,4.57135948690899,1.7548241204636106,1.5331131531148912,1.5331131531148912,0
305,0.0,14.97917550331238,5.360092880859727,1.2827877311875533,3.4705165466830774,3.4705165466830774,0
306,0.0,8.645387300147403,3.9602894126303063,1.5641440681953935,-0.3161145518988335,-0.3161145518988335,0
307,0.0,6.708421564364574,3.6589010247097153,1.5847018043760694,2.026331467266633,1.912480647450131,0
308,0.0,4.620230411122092,3.060775579918235,1.4515081844033988,0.8206052802678794,0.7140981270477795,0
309,0.0,3.5573181973908468,2.8165606198324644,1.4693980834453333,0.9455693236053291,0.8014907459166729,0
310,0.0,3.5573181973908468,2.7086765662835703,1.4693980834453333,0.04800349847988633,0.0,0
311,0.0,0.026327526452077574,0.9253322964792975,0.026400392444365497,0.18808991522227178,0.04396568892459842,0
312,0.0,0.36101368794546623,0.8325165824840712,0.02411411677955666,0.0,0.0008041116276843467,0
313,0.0,0.037260619569753226,0.9300526436327433,0.03077172769097018,0.19287922458017456,0.054253165660659027,0
314,0.0,0.03279573820713075,0.9206563833284286,0.030578701613949717,-0.44185937249653473,0.03499894045517887,0
315,0.0,0.034248745814767674,1.0731115304971097,0.035019599583436985,-0.45059356020180963,0.04234342561455978,0
316,0.0,0.4637552118840192,1.0626705468556692,0.034696924058136853,0.4166701522571922,0.03531932779906343,0
317,0.0,0.2329259651132699,0.9842379008916141,0.05567439644401011,0.5868474934490014,0.5111346366211569,0
318,0.0,0.16664286153710553,0.8648296762448023,0.03784830164930047,0.10106518827045645,0.08749158021979746,0
319,0.0,0.4817441232440882,1.1467691216036142,0.055173571099245436,0.2650050102010597,0.22954882259929682,0
320,0.0,0.7375005827475017,1.1660681412963014,0.11653453666707413,1.1218320616817548,0.9974325756118949,0
321,0.0,0.2315340666532203,0.8793951631356073,0.051920012224153225,0.09541784958163878,0.08530502830238218,0
322,0.0,0.800375843426979,0.9670527745559427,0.05670756836077651,1.81483430129112,0.08212229864528582,0
323,0.0,0.15629870870851867,0.7981451037697999,0.055840586887442166,-0.42945652855574096,0.1206132175006741,0
324,0.0,0.6939698877256086,0.6702609964190017,0.09824140276195883,-0.8617815728070647,-0.8617815728070647,0
325,0.0,0.6482688568346789,0.8358320127013893,0.06831880494094794,0.4626222471337238,0.16557100571035258,0
326,0.0,0.4942932100848907,1.0394233841128127,0.08985744640458465,0.4224977891408785,0.15949708693775538,0
327,0.0,1.2652333300101588,1.0811871269166642,0.08950843142273524,5.488667966311681,0.15935934466515797,0
328,0.0,0.349768671778053,0.794042066446017,0.08340076281391821,-0.3254936855202655,0.19163969872212705,0
329,0.0,1.3285373366375517,0.9104026174595168,0.0838258551839221,0.0,-0.010685556194682436,0
330,0.0,0.8387256890875597,1.0956429205943763,0.14536934733405132,0.7644008582714614,0.7644008582714614,0
331,0.0,2.771395234246107,2.0673782554432574,0.35079140240480794,2.5795576259100956,2.5795576259100956,0
332,0.0,1.9640802730560187,1.2233651740223714,0.14725997355797868,1.9710950676261985,0.335351626834343,0
333,0.0,0.6896840892981647,0.8880954343760737,0.16070626291000983,0.44386665902090644,0.44386665902090644,0
334,0.0,3.335850127790077,2.081108495837424,0.4461476338511374,3.2131415804543306,3.2131415804543306,0
335,0.0,1.893358034491197,1.1192134129988327,0.28237127152660824,0.351863055599793,0.351863055599793,0
336,0.0,2.146593237706298,1.1797703893106128,0.25087397325014893,0.9045620175162062,0.9045620175162062,0
337,0.0,1.3330601317639614,0.6258188697662815,0.06760348927581451,2.5577406271141854,1.6537298342985796,0
338,0.0,1.7158241575747677,0.8287564148464254,0.1416064523219212,0.0,0.9906438113768726,0
339,0.0,1.9233123543049546,0.9486636394681325,0.1687228921456905,-0.00327875339851629,0.5387832151903472,0
340,0.0,3.6267543773941027,1.4970995132527922,0.21471188424496077,3.5126043584122213,0.055757733717873716,0
341,0.0,4.421883518632347,1.975436804382853,0.38168252367063377,2.7386166344233884,1.3481892299858833,0
342,0.0,1.8359181961084121,1.307175563635651,0.35249726972178397,0.582292770786301,0.33608370556198,0
343,0.0,2.9388280785953462,1.7073139328659137,0.4204953036600183,0.7728535037754639,0.7728535037754639,0
344,0.0,3.625027969935719,1.64367642166482,0.33217534901339574,0.11711933042258085,1.012408046141264,0
345,0.0,3.6790016480699363,1.4415904794032084,0.2622891145363161,1.527745690687157,1.5411006798185496,0
346,0.0,4.189368844421843,1.6673825944921887,0.3180764174286188,1.6948926031740055,2.040572344428276,0
347,0.0,4.3119801403253435,1.6129826417304538,0.2956442348981168,0.0,0.9866129570983928,0
348,0.0,5.076291613893574,1.8047200348381567,0.29644801449398156,2.152813724838772,2.152813724838772,0
349,0.0,7.177822296294271,2.5120174703707536,0.41631062287678067,2.0642801495978613,-0.10322718368703722,0
350,0.0,6.780049854058175,2.5280490996715788,0.5025361044424163,1.394133335002824,1.9879669690193484,0
351,0.0,5.993851512452206,2.176272636964683,0.44199017993042566,0.04552933978992413,1.0942909654496378,0
352,0.0,7.866980385730532,2.8512801774598424,0.5566736676674688,2.1175828870343594,0.5227223931455003,0
353,0.0,10.099867302643586,3.7358558261824406,0.851363485064429,2.1333580526577913,2.1333580526577913,0
354,0.0,12.050280561062392,4.583019820184735,1.2964791292142788,1.7482930578822287,1.7482930578822287,0
355,0.0,12.28903546669226,4.12163760850711,0.7687974590566254,2.1705931038639634,1.378255794761403,0
356,0.0,9.31166963890124,3.003571116293999,0.5463058556617478,0.7233947813517753,1.1775146462953694,0
357,0.0,6.7697505816279815,2.3489819301402357,0.5473910635562539,-0.02684352018246504,0.9904187909591503,0
358,0.0,11.251268732522249,3.5847386040691527,0.6411944353514145,1.5288920559100696,0.814062414702936,0
359,0.0,10.160073540993478,3.2691468018098724,0.6264702096858489,2.5973980478624106,1.0509654788925542,0
360,0.0,11.864730909479599,3.784653875150382,0.7080163153753016,1.2235846817297436,1.0189186657203575,0
361,0.0,6.6750301571051205,2.9242049870569145,1.1256195500585222,0.22854404024233352,0.22854404024233352,0
362,0.0,14.304459788960395,4.776470285703744,1.025443605347042,1.2031631556187175,2.260433247226992,0
363,0.0,12.312546906228613,4.086454793099862,0.8983622128865397,2.597330164663557,2.38256993027383,0
364,0.0,4.186164562843213,1.9246135505898418,0.8201826815902968,-0.07581494094628362,-0.07581494094628362,0
365,0.0,13.464471360634173,4.464922143435952,0.9904396218668216,2.973841157166165,2.8782646819247564,0
